y1 = [9426.75642813748
8336.26791492850
8336.26791492850
6578.97168930416
6578.97168930416
6578.97168930416
6578.97168930416
6578.97168930416
6578.97168930416
6578.97168930416
6578.97168930416
6578.97168930416
6578.97168930416
6578.97168930416
6578.97168930416
6578.97168930416
6578.97168930416
6578.97168930416
6578.97168930416
6578.97168930416
6578.97168930416
6578.97168930416
6578.97168930416
6578.97168930416
6578.97168930416
6578.97168930416
6578.97168930416
6578.97168930416
6578.97168930416
6578.97168930416
6578.97168930416
6578.97168930416
6578.97168930416
6578.97168930416
6578.97168930416
6578.97168930416
6578.97168930416
6578.97168930416
6578.97168930416
6578.97168930416
6578.97168930416
6578.97168930416
6578.97168930416
6578.97168930416
6578.97168930416
6578.97168930416
6578.97168930416
6380.08534653890
6380.08534653890
6380.08534653890
6380.08534653890
6380.08534653890
6380.08534653890
6380.08534653890
6380.08534653890
6380.08534653890
6380.08534653890
6317.71416847861
6317.71416847861
6317.71416847861
6317.71416847861
6317.71416847861
6317.71416847861
6317.71416847861
6317.71416847861
6317.71416847861
6317.71416847861
6317.71416847861
6317.71416847861
6303.88656079083
6302.54789979314
6302.54789979314
6302.54789979314
6302.54789979314
6207.27400213941
6207.27400213941
6207.27400213941
6207.27400213941
6207.27400213941
6135.76663342895
6135.76663342895
6135.76663342895
6135.76663342895
6135.76663342895
6135.76663342895
6135.76663342895
6135.76663342895
6097.98639109536
6097.98639109536
6097.98639109536
6086.57498088744
6086.57498088744
6086.04998201739
6086.04998201739
6086.04998201739
6086.04998201739
6086.04998201739
6086.04998201739
6086.04998201739
6086.04998201739
6086.04998201739
6016.01293758638
6016.01293758638
5991.48030857547
5991.48030857547
5991.48030857547
5991.48030857547
5991.48030857547
5991.48030857547
5991.48030857547
5991.48030857547
5991.48030857547
5991.48030857547
5991.48030857547
5991.48030857547
5991.48030857547
5991.48030857547
5962.42885874851
5962.42885874851
5962.42885874851
5962.42885874851
5962.42885874851
5962.42885874851
5962.42885874851
5929.02356269469
5929.02356269469
5929.02356269469
5929.02356269469
5929.02356269469
5929.02356269469
5929.02356269469
5929.02356269469
5929.02356269469
5929.02356269469
5909.55728812743
5909.55728812743
5909.55728812743
5909.55728812743
5909.55728812743
5909.55728812743
5909.55728812743
5909.55728812743
5909.55728812743
5909.55728812743
5909.55728812743
5909.55728812743
5888.54797320783
5888.54797320783
5855.12403832141
5855.12403832141
5855.12403832141
5855.12403832141
5855.12403832141
5855.12403832141
5855.12403832141
5848.33569926953
5848.33569926953
5848.33569926953
5848.33569926953
5848.33569926953
5848.33569926953
5848.33569926953
5848.33569926953
5826.66758872198
5826.66758872198
5826.66758872198
5826.66758872198
5826.66758872198
5826.66758872198
5826.66758872198
5826.66758872198
5826.66758872198
5826.66758872198
5826.66758872198
5826.66758872198
5826.66758872198
5826.66758872198
5826.66758872198
5826.66758872198
5826.66758872198
5826.66758872198
5826.66758872198
5826.66758872198
5826.66758872198
5826.18387941839
5826.18387941839
5826.18387941839
5826.18387941839
5826.18387941839
5826.18387941839
5826.18387941839
5826.18387941839
5826.18387941839
5826.18387941839
5819.95997932412
5819.95997932412
5819.95997932412
5819.95997932412
5819.95997932412
5819.95997932412];
y2 = [9524.48186210945
9524.48186210945
6860.91415503440
6860.91415503440
6860.91415503440
6860.91415503440
6860.91415503440
6860.91415503440
6860.91415503440
6860.91415503440
6860.91415503440
6860.91415503440
6860.91415503440
6860.91415503440
6860.91415503440
6860.91415503440
6860.91415503440
6860.91415503440
6860.91415503440
6785.54903759836
6785.54903759836
6785.54903759836
6785.54903759836
6785.54903759836
6785.54903759836
6640.42180337025
6640.42180337025
6640.42180337025
6640.42180337025
6640.42180337025
6640.42180337025
6565.42212102200
6565.42212102200
6565.42212102200
6449.77075202316
6449.77075202316
6449.77075202316
6202.56162108378
6202.56162108378
6202.56162108378
6202.56162108378
5989.28958430042
5956.23306097293
5956.23306097293
5885.70118894416
5843.68124232361
5753.34972664287
5646.20975047588
5611.66462812210
5611.66462812210
5611.66462812210
5441.18749128164
5361.61673639917
5361.61673639917
5274.12420208772
5236.10860485158
5236.10860485158
5235.44292213462
5235.44292213462
5198.77756531388
5167.60743994322
5120.81725950933
5120.81725950933
5054.79696315331
5049.70733983962
5035.77876606050
5005.77705621095
4991.72695793709
4981.90340869655
4976.17973272622
4965.31320988891
4958.65938828971
4952.33529903628
4951.94143285848
4947.62450984648
4937.63326641164
4917.14989951915
4896.62252903549
4884.82767821386
4876.09823027726
4873.73241726437
4860.09662479188
4841.27734609808
4841.27734609808
4839.37108765683
4837.92163412060
4835.52730830774
4834.53692329555
4831.24219673190
4826.07536822672
4796.80183318081
4793.79756811427
4793.66513714907
4792.97919497614
4792.54508704272
4791.90848703549
4791.68398504340
4791.60521827716
4790.96153967863
4790.96153967863
4790.85549633588
4790.75260699267
4790.61559882281
4790.39945423553
4790.03243420221
4787.99322449689
4771.13349039368
4770.98538166180
4770.87782173992
4770.87782173992
4770.87500532193
4770.77846374291
4770.76541702473
4770.72360808056
4770.69438464115
4770.68062921122
4770.68062921122
4770.66023505642
4770.16929396412
4770.06924266685
4770.03209592300
4769.39372150436
4761.85693605137
4753.05570543874
4747.55519026620
4738.85897724874
4735.99314064877
4735.99314064877
4735.74130361755
4734.61934254267
4734.61934254267
4734.48273332297
4734.48273332297
4734.12855012348
4734.00390275548
4733.94103955064
4733.88473252800
4733.79624629222
4733.77275421552
4733.76718765736
4733.74217843455
4733.71642084029
4733.70301080707
4733.68455180656
4733.67946927949
4733.67920282088
4733.67116758517
4733.66896984553
4733.66634206617
4733.66411825327
4733.53234234738
4733.50463809818
4733.50272050293
4733.50272050293
4733.50266730681
4733.50228459164
4733.49876862855
4733.49749522551
4733.49686163208
4733.49645725722
4733.49615318892
4733.49493945078
4733.47555013354
4733.47470491013
4733.47470491013
4733.47447273402
4733.46187135377
4732.61931721197
4732.28010026214
4732.15354981238
4732.15022167803
4732.14051498710
4732.14051498710
4732.14037543606
4732.14025709738
4732.14023044477
4732.14014391615
4732.14006151772
4732.13980749808
4732.13977839210
4732.13976912998
4732.13976912998
4732.13971249344
4732.13921356095
4732.13918429136
4732.13917646751
4731.91757799943
4730.13555260040
4729.86753995394
4729.82955663069
4729.81223946531
4729.64256630240
4729.64049001825
4729.64010952534
4729.63881672326
4729.63118118138
4729.62888936206
4729.62787444257
4729.48309147025
4729.47548283983];
